880236792 199135
000020040
008035000
000070602
031046970
200000000
000501203
049000730
000000010
800004000
1526440735 58130
000900002
050123400
030000160
908000000
070000090
000000205
091000050
007439020
400007000
-858276370 10092
080005000
000003457
000070809
060400903
007010500
408007020
901020000
842300000
000100080
511145334 7073
300000000
005009000
200504000
020000700
160000058
704310600
000890100
000067080
000005437
-1506602306 3195
000000000
000000000
000000000
000000000
000000000
000000000
000000000
000000000
000000000
-126951205 0
978531642
642978531
531642978
897214365
365897214
214365897
789123456
456789123
123456789
